iterations10 <- c(1,6,11.266666666666667,16.8,22.266666666666666,27.6,33.266666666666666,38.63333333333333,44.06666666666667,49.6,54.93333333333333,60.53333333333333,65.8,71.26666666666667,76.76666666666667,82.3,87.56666666666666,93.13333333333334,98.53333333333333,103.93333333333334,109.4,114.86666666666666,120.26666666666667,125.73333333333333,131.2,136.66666666666666,142.03333333333333,147.53333333333333,153,158.36666666666667,163.8,169.36666666666667,174.9,180.7,186.33333333333334,192.1,197.86666666666667,203.56666666666666,209.3,215.06666666666666,220.86666666666667,226.53333333333333,232.26666666666668,238.03333333333333,243.8,249.46666666666667,255.16666666666666,261.03333333333336,266.6333333333333,272.46666666666664,278.1,283.9,289.6,295.26666666666665,301.06666666666666,306.8,312.56666666666666,318.26666666666665,324,329.7,335.4,341.2,346.8666666666667,352.6,358.3,364.03333333333336,369.6333333333333,375.26666666666665,380.9,386.6333333333333,392.3666666666667,397.9,403.6666666666667,409.3,414.93333333333334,420.73333333333335,426.3,431.96666666666664,437.6,443.3666666666667,448.9,454.6666666666667,460.3,465.93333333333334,471.7,477.3333333333333,482.93333333333334,488.6,494.3666666666667,499.93333333333334,505.5,511.23333333333335,517.1,522.6,528.1333333333333,533.9,539.6666666666666,545.3333333333334,551,556.6666666666666,562.5)
timeInMSec11 <- c(0.033333333333333,9416.566666666668,19094.866666666665,29196.033333333333,39168.1,48966.7,59345.23333333333,69130.23333333334,79095.4,89254,99056.93333333333,109348.13333333333,119049.96666666666,129093.26666666666,139201.23333333334,149363.4,159046.7,169259.8,179179,189118.6,199158.03333333333,209197.63333333333,219119.1,229168.83333333334,239218.8,249264.6,259121.86666666667,269213.0333333333,279256.1666666667,289113.0333333333,299107.36666666664,309270.7,319187.1666666667,329290.3,339146.3333333333,349176.8,359244.3,369174.26666666666,379154.9,389203.4666666667,399320.23333333334,409180.2,419196.4,429233.4666666667,439290.56666666665,449181.1666666667,459128.43333333335,469343.3333333333,479121.9,489299.9666666667,499135,509260.1,519217.26666666666,529096.6666666666,539207.0666666667,549231.9,559278.9333333333,569232.5333333333,579229.0333333333,589169,599127.5666666667,609242.3666666667,619135.0333333333,629179.4666666667,639200.7666666667,649305.5,659223.6666666666,669162.5,679090.8,689202.6333333333,699313.5,709074.6666666666,719255.7666666667,729181.8333333334,739123.3,749353.4,759177.8333333334,769179.4,779127.3333333334,789316.7666666667,799075.3,809250.3,819198.5666666667,829144.2,839313.4,849253.2,859162.7,869162.3333333334,879341.4,889181.8666666667,899021.5333333333,909153.0333333333,919517.2,929241,939029.2,949132.9666666667,959272.5333333333,969232.8333333334,979199.3,989167.0333333333,999362.3333333334)
bestFitness12 <- c(0.00000009689755,0.000000098822843,0.000000100313141,0.000000101442248,0.000000102596856,0.000000103409948,0.000000104370508,0.000000105405499,0.000000106436048,0.000000107332809,0.000000108278967,0.000000109062973,0.000000109983598,0.00000011087611,0.000000111590497,0.000000112401525,0.00000011319092,0.000000114011255,0.000000114692358,0.000000115341969,0.000000116107899,0.0000001168402,0.000000117363088,0.000000118112653,0.000000118608044,0.000000119267464,0.000000119879839,0.000000120547002,0.000000121087134,0.00000012165814,0.000000122235793,0.00000012280526,0.000000123492128,0.000000123955122,0.000000124567518,0.000000125257581,0.000000125912286,0.000000126531148,0.000000127150809,0.000000127672819,0.000000128274276,0.000000128801373,0.000000129271138,0.000000129712777,0.000000130281883,0.000000130650084,0.00000013114488,0.000000131648601,0.000000131971315,0.000000132483905,0.00000013303173,0.000000133466415,0.000000133921589,0.000000134396253,0.000000134772187,0.000000135089644,0.00000013544192,0.000000135760139,0.000000136145558,0.000000136649116,0.000000137095363,0.000000137486632,0.000000137853381,0.000000138157597,0.000000138554575,0.000000138931765,0.000000139294216,0.000000139631771,0.000000140003575,0.000000140351507,0.000000140696295,0.000000141003473,0.000000141282471,0.000000141547226,0.000000142011566,0.000000142366287,0.000000142567165,0.000000142986571,0.00000014326922,0.00000014352911,0.000000143873704,0.000000144138748,0.000000144465176,0.000000144815737,0.000000145159715,0.000000145491207,0.000000145866747,0.000000146162051,0.000000146420408,0.000000146644698,0.000000147009162,0.000000147253439,0.000000147687491,0.000000147947759,0.00000014819943,0.000000148453046,0.000000148830971,0.000000149124553,0.000000149369142,0.000000149665914,0.000000149903136)
averageFitness13 <- c(0.000000093425395,0.00000009554233,0.000000096959057,0.000000098213093,0.000000099508356,0.000000100685997,0.000000101794808,0.000000102936168,0.000000103940971,0.000000104955969,0.000000105930908,0.000000106942813,0.00000010774421,0.00000010861225,0.000000109438215,0.000000110244832,0.000000110903056,0.000000111647119,0.00000011234307,0.000000113112979,0.000000113891829,0.000000114737953,0.000000115327565,0.000000115904917,0.00000011650554,0.000000117111989,0.0000001176786,0.000000118272606,0.00000011886917,0.000000119445935,0.000000119916396,0.000000120515971,0.000000121093215,0.00000012161485,0.000000122216798,0.000000123005425,0.000000123631855,0.000000124186708,0.000000124651797,0.000000125201071,0.000000125920665,0.000000126451208,0.000000126877651,0.000000127229468,0.000000127753434,0.000000128298442,0.000000128643638,0.000000129110076,0.000000129535885,0.00000013010501,0.000000130451031,0.000000130838435,0.000000131229728,0.000000131749321,0.000000132297091,0.000000132734118,0.00000013295184,0.000000133228009,0.000000133665881,0.000000134026405,0.000000134492936,0.000000134851876,0.000000135180255,0.000000135602877,0.000000135878027,0.000000136274646,0.000000136660092,0.000000137054666,0.000000137277588,0.000000137673044,0.000000138023016,0.000000138355356,0.000000138573631,0.000000138844389,0.000000139279416,0.000000139667018,0.000000139943598,0.000000140229323,0.000000140579799,0.000000140613946,0.000000141010464,0.000000141435164,0.000000141838361,0.00000014220467,0.000000142482964,0.000000142752056,0.000000143076068,0.000000143296295,0.000000143769181,0.000000144124072,0.000000144360148,0.000000144579609,0.000000144830441,0.000000145059949,0.000000145457799,0.000000145807343,0.00000014605323,0.000000146393717,0.000000146619974,0.000000146884131,0.000000147177465)
